{
 "cells": [
  {
   "cell_type": "markdown",
   "metadata": {},
   "source": [
    "# Gaussian Copula Model for Securities\n",
    "This notebook demonstrates how to build a Gaussian copula model based on n number of securities and their market data."
   ]
  },
  {
   "cell_type": "code",
   "execution_count": 32,
   "metadata": {},
   "outputs": [],
   "source": [
    "import numpy as np\n",
    "import pandas as pd\n",
    "import matplotlib.pyplot as plt\n",
    "from scipy.stats import norm, multivariate_normal\n",
    "from sklearn.preprocessing import StandardScaler\n",
    "import yfinance as yf\n",
    "\n",
    "# make numpy display all the columns in one line\n",
    "np.set_printoptions(linewidth=np.inf)\n",
    "# do the same for pandas print\n",
    "pd.set_option('display.width', 1000)\n",
    "pd.set_option('display.max_columns', 10)\n",
    "\n",
    "np.random.seed(42)"
   ]
  },
  {
   "cell_type": "markdown",
   "metadata": {},
   "source": [
    "## Step 1: Load and Preprocess Market Data\n",
    "Load the market data for n securities and preprocess it."
   ]
  },
  {
   "cell_type": "code",
   "execution_count": 4,
   "metadata": {},
   "outputs": [
    {
     "name": "stderr",
     "output_type": "stream",
     "text": [
      "[*********************100%***********************]  10 of 10 completed\n"
     ]
    }
   ],
   "source": [
    "# Download market data for 10 stocks for the year 2024\n",
    "tickers = ['AAPL', 'MSFT', 'GOOGL', 'AMZN', 'META', 'TSLA', 'NVDA', 'JPM', 'V', 'DIS']\n",
    "data = yf.download(tickers, start='2024-01-01', end='2024-12-31')['Close']\n",
    "\n",
    "returns = data.pct_change().dropna()\n",
    "scaler = StandardScaler()\n",
    "scaled_returns = scaler.fit_transform(returns)"
   ]
  },
  {
   "cell_type": "markdown",
   "metadata": {},
   "source": [
    "## Method 1: Using library functions of joint normal samples\n",
    "Calculate the covariance matrix of the scaled returns."
   ]
  },
  {
   "cell_type": "code",
   "execution_count": 12,
   "metadata": {},
   "outputs": [
    {
     "name": "stdout",
     "output_type": "stream",
     "text": [
      "Covariance Matrix:\n",
      " [[1.00401606 0.3377596  0.05977322 0.36020063 0.01526369 0.226193   0.47151427 0.25500373 0.32957531 0.14681625]\n",
      " [0.3377596  1.00401606 0.1201376  0.54110954 0.24043504 0.58102271 0.68920676 0.43802133 0.31837241 0.25164645]\n",
      " [0.05977322 0.1201376  1.00401606 0.0804788  0.25850803 0.05545685 0.13900552 0.08253018 0.13952951 0.14967616]\n",
      " [0.36020063 0.54110954 0.0804788  1.00401606 0.14247483 0.3895367  0.5738031  0.31428636 0.25176369 0.24587224]\n",
      " [0.01526369 0.24043504 0.25850803 0.14247483 1.00401606 0.0742511  0.16163963 0.08655234 0.23466584 0.38116962]\n",
      " [0.226193   0.58102271 0.05545685 0.3895367  0.0742511  1.00401606 0.57252185 0.382839   0.14982836 0.17130895]\n",
      " [0.47151427 0.68920676 0.13900552 0.5738031  0.16163963 0.57252185 1.00401606 0.45953112 0.30147817 0.30490809]\n",
      " [0.25500373 0.43802133 0.08253018 0.31428636 0.08655234 0.382839   0.45953112 1.00401606 0.21435166 0.1115175 ]\n",
      " [0.32957531 0.31837241 0.13952951 0.25176369 0.23466584 0.14982836 0.30147817 0.21435166 1.00401606 0.25862068]\n",
      " [0.14681625 0.25164645 0.14967616 0.24587224 0.38116962 0.17130895 0.30490809 0.1115175  0.25862068 1.00401606]]\n"
     ]
    }
   ],
   "source": [
    "# cov_matrix of scaled returns is approximately the correlation matrix of original returns\n",
    "cov_matrix = np.cov(scaled_returns, rowvar=False)\n",
    "print('Covariance Matrix:\\n', cov_matrix)"
   ]
  },
  {
   "cell_type": "markdown",
   "metadata": {},
   "source": [
    "Generate the joint distribution using the covariance matrix."
   ]
  },
  {
   "cell_type": "code",
   "execution_count": 14,
   "metadata": {},
   "outputs": [],
   "source": [
    "mean = np.zeros(cov_matrix.shape[0])\n",
    "joint_dist = multivariate_normal(mean, cov_matrix)"
   ]
  },
  {
   "cell_type": "markdown",
   "metadata": {},
   "source": [
    "Construct a synthetic dataset that has the same underlying distribution and covariance matrix."
   ]
  },
  {
   "cell_type": "code",
   "execution_count": 40,
   "metadata": {},
   "outputs": [
    {
     "name": "stdout",
     "output_type": "stream",
     "text": [
      "Ticker      AAPL      AMZN       DIS     GOOGL       JPM      META      MSFT      NVDA      TSLA         V\n",
      "0       0.006601 -0.012489  0.008346  0.011800  0.001861  0.032840 -0.003180  0.018115  0.014310 -0.000829\n",
      "1       0.013440  0.010878 -0.002040  0.021606 -0.002456  0.008639 -0.001355  0.034944  0.088596  0.018492\n",
      "2      -0.004394  0.008118  0.023525  0.013281  0.012918 -0.013053  0.004810  0.050919  0.021797 -0.001113\n",
      "3      -0.024162  0.009082 -0.006436 -0.020394 -0.003079  0.002657 -0.005385  0.009613  0.049833 -0.015989\n",
      "4      -0.002437 -0.005164 -0.024765  0.015048  0.001723 -0.003944 -0.015304 -0.023720 -0.031644  0.004201\n",
      "Synthetic Data Statistics:\n",
      "Ticker          AAPL          AMZN           DIS         GOOGL           JPM          META          MSFT          NVDA          TSLA             V\n",
      "count   10000.000000  10000.000000  10000.000000  10000.000000  10000.000000  10000.000000  10000.000000  10000.000000  10000.000000  10000.000000\n",
      "mean        0.001404      0.001696      0.000934      0.001608      0.001575      0.002368      0.000651      0.004789      0.003457      0.000820\n",
      "std         0.014119      0.017623      0.016379      0.017693      0.014861      0.022907      0.012484      0.033100      0.040289      0.010664\n",
      "min        -0.049340     -0.069811     -0.055639     -0.070547     -0.057317     -0.086768     -0.044526     -0.106774     -0.154270     -0.035453\n",
      "25%        -0.008182     -0.010034     -0.009959     -0.010231     -0.008303     -0.013168     -0.007839     -0.017685     -0.023253     -0.006318\n",
      "50%         0.001504      0.001821      0.000927      0.001524      0.001526      0.002602      0.000645      0.004886      0.003135      0.000728\n",
      "75%         0.011025      0.013633      0.011574      0.013828      0.011584      0.017389      0.009210      0.026973      0.030648      0.008048\n",
      "max         0.054623      0.066079      0.060842      0.068872      0.060911      0.093930      0.046927      0.143666      0.160204      0.037704\n",
      "Original Data Statistics:\n",
      "Ticker        AAPL        AMZN         DIS       GOOGL         JPM        META        MSFT        NVDA        TSLA           V\n",
      "count   250.000000  250.000000  250.000000  250.000000  250.000000  250.000000  250.000000  250.000000  250.000000  250.000000\n",
      "mean      0.001345    0.001715    0.000969    0.001471    0.001523    0.002413    0.000653    0.004745    0.002862    0.000877\n",
      "std       0.014141    0.017730    0.016329    0.017708    0.014845    0.023012    0.012581    0.033097    0.040096    0.010670\n",
      "min      -0.048167   -0.087847   -0.095132   -0.075003   -0.064678   -0.105613   -0.060528   -0.100046   -0.123346   -0.054915\n",
      "25%      -0.006670   -0.008548   -0.006557   -0.008258   -0.005690   -0.007507   -0.005900   -0.015963   -0.019825   -0.004840\n",
      "50%       0.001623    0.000854    0.000439    0.003527    0.001746    0.001012    0.001167    0.004047    0.001390    0.001530\n",
      "75%       0.009368    0.012144    0.008286    0.010130    0.008485    0.012206    0.009170    0.024546    0.022488    0.006985\n",
      "max       0.072649    0.078666    0.114989    0.102243    0.115445    0.203176    0.026599    0.164009    0.219190    0.048109\n",
      "Synthetic Data Correlation Matrix:\n",
      "Ticker      AAPL      AMZN       DIS     GOOGL       JPM      META      MSFT      NVDA      TSLA         V\n",
      "Ticker                                                                                                    \n",
      "AAPL    1.000000  0.336607  0.057098  0.355079  0.015848  0.205884  0.466775  0.249026  0.343621  0.150986\n",
      "AMZN    0.336607  1.000000  0.117920  0.529180  0.233757  0.570285  0.676273  0.431654  0.322496  0.258319\n",
      "DIS     0.057098  0.117920  1.000000  0.072485  0.262621  0.052091  0.132182  0.075156  0.154714  0.159157\n",
      "GOOGL   0.355079  0.529180  0.072485  1.000000  0.147025  0.383880  0.566566  0.308419  0.255440  0.244371\n",
      "JPM     0.015848  0.233757  0.262621  0.147025  1.000000  0.080297  0.155388  0.076817  0.247162  0.386942\n",
      "META    0.205884  0.570285  0.052091  0.383880  0.080297  1.000000  0.560206  0.380313  0.145226  0.172816\n",
      "MSFT    0.466775  0.676273  0.132182  0.566566  0.155388  0.560206  1.000000  0.450417  0.307971  0.301387\n",
      "NVDA    0.249026  0.431654  0.075156  0.308419  0.076817  0.380313  0.450417  1.000000  0.204621  0.103353\n",
      "TSLA    0.343621  0.322496  0.154714  0.255440  0.247162  0.145226  0.307971  0.204621  1.000000  0.276104\n",
      "V       0.150986  0.258319  0.159157  0.244371  0.386942  0.172816  0.301387  0.103353  0.276104  1.000000\n",
      "Original Data Correlation Matrix:\n",
      "Ticker      AAPL      AMZN       DIS     GOOGL       JPM      META      MSFT      NVDA      TSLA         V\n",
      "Ticker                                                                                                    \n",
      "AAPL    1.000000  0.336409  0.059534  0.358760  0.015203  0.225288  0.469628  0.253984  0.328257  0.146229\n",
      "AMZN    0.336409  1.000000  0.119657  0.538945  0.239473  0.578699  0.686450  0.436269  0.317099  0.250640\n",
      "DIS     0.059534  0.119657  1.000000  0.080157  0.257474  0.055235  0.138449  0.082200  0.138971  0.149077\n",
      "GOOGL   0.358760  0.538945  0.080157  1.000000  0.141905  0.387979  0.571508  0.313029  0.250757  0.244889\n",
      "JPM     0.015203  0.239473  0.257474  0.141905  1.000000  0.073954  0.160993  0.086206  0.233727  0.379645\n",
      "META    0.225288  0.578699  0.055235  0.387979  0.073954  1.000000  0.570232  0.381308  0.149229  0.170624\n",
      "MSFT    0.469628  0.686450  0.138449  0.571508  0.160993  0.570232  1.000000  0.457693  0.300272  0.303688\n",
      "NVDA    0.253984  0.436269  0.082200  0.313029  0.086206  0.381308  0.457693  1.000000  0.213494  0.111071\n",
      "TSLA    0.328257  0.317099  0.138971  0.250757  0.233727  0.149229  0.300272  0.213494  1.000000  0.257586\n",
      "V       0.146229  0.250640  0.149077  0.244889  0.379645  0.170624  0.303688  0.111071  0.257586  1.000000\n"
     ]
    }
   ],
   "source": [
    "n_samples = 10000  # Number of samples in synthetic dataset\n",
    "synthetic_data = joint_dist.rvs(size=n_samples)\n",
    "synthetic_data = scaler.inverse_transform(synthetic_data)\n",
    "synthetic_df = pd.DataFrame(synthetic_data, columns=data.columns)\n",
    "print(synthetic_df.head())\n",
    "\n",
    "print('Synthetic Data Statistics:')\n",
    "print(synthetic_df.describe())\n",
    "print('Original Data Statistics:')\n",
    "print(returns.describe())\n",
    "\n",
    "print('Synthetic Data Correlation Matrix:')\n",
    "print(synthetic_df.corr())\n",
    "print('Original Data Correlation Matrix:')\n",
    "print(returns.corr())"
   ]
  },
  {
   "cell_type": "markdown",
   "metadata": {},
   "source": [
    "## Method 2: Using manual steps of Gaussian copula matrix"
   ]
  },
  {
   "cell_type": "markdown",
   "metadata": {},
   "source": [
    "The covariance matrix $ \\Sigma $ is defined as:\n",
    "$$ \\Sigma = \\frac{1}{n-1} \\sum_{i=1}^{n} (X_i - \\mu)(X_i - \\mu)^T $$\n",
    "where $ X_i $ is the vector of returns, and $ \\mu $ is the mean vector."
   ]
  },
  {
   "cell_type": "code",
   "execution_count": 23,
   "metadata": {},
   "outputs": [
    {
     "name": "stdout",
     "output_type": "stream",
     "text": [
      "\n",
      "Correlation Matrix:\n",
      " [[1.         0.33640856 0.05953413 0.35875982 0.01520264 0.22528823 0.46962821 0.25398372 0.32825701 0.14622898]\n",
      " [0.33640856 1.         0.11965705 0.53894511 0.2394733  0.57869862 0.68644993 0.43626925 0.31709892 0.25063987]\n",
      " [0.05953413 0.11965705 1.         0.08015688 0.257474   0.05523502 0.1384495  0.08220006 0.13897139 0.14907745]\n",
      " [0.35875982 0.53894511 0.08015688 1.         0.14190493 0.38797855 0.57150789 0.31302922 0.25075663 0.24488875]\n",
      " [0.01520264 0.2394733  0.257474   0.14190493 1.         0.0739541  0.16099307 0.08620613 0.23372718 0.37964494]\n",
      " [0.22528823 0.57869862 0.05523502 0.38797855 0.0739541  1.         0.57023177 0.38130764 0.14922904 0.17062372]\n",
      " [0.46962821 0.68644993 0.1384495  0.57150789 0.16099307 0.57023177 1.         0.457693   0.30027226 0.30368846]\n",
      " [0.25398372 0.43626925 0.08220006 0.31302922 0.08620613 0.38130764 0.457693   1.         0.21349426 0.11107143]\n",
      " [0.32825701 0.31709892 0.13897139 0.25075663 0.23372718 0.14922904 0.30027226 0.21349426 1.         0.2575862 ]\n",
      " [0.14622898 0.25063987 0.14907745 0.24488875 0.37964494 0.17062372 0.30368846 0.11107143 0.2575862  1.        ]]\n",
      "\n",
      "Covariance Matrix:\n",
      " [[1.99980221e-04 8.43459014e-05 1.37474496e-05 8.98370866e-05 3.19149675e-06 7.33151002e-05 8.35517253e-05 1.18876027e-04 1.86126659e-04 2.20648230e-05]\n",
      " [8.43459014e-05 3.14345210e-04 3.46421104e-05 1.69202311e-04 6.30292879e-05 2.36111572e-04 1.53115801e-04 2.56007631e-04 2.25423528e-04 4.74162316e-05]\n",
      " [1.37474496e-05 3.46421104e-05 2.66639967e-04 2.31772437e-05 6.24134060e-05 2.07557556e-05 2.84421041e-05 4.44252238e-05 9.09890399e-05 2.59745512e-05]\n",
      " [8.98370866e-05 1.69202311e-04 2.31772437e-05 3.13557122e-04 3.73024786e-05 1.58098394e-04 1.27317553e-04 1.83458610e-04 1.78037634e-04 4.62701200e-05]\n",
      " [3.19149675e-06 6.30292879e-05 6.24134060e-05 3.73024786e-05 2.20375726e-04 2.52641988e-05 3.00674625e-05 4.23559958e-05 1.39120824e-04 6.01357811e-05]\n",
      " [7.33151002e-05 2.36111572e-04 2.07557556e-05 1.58098394e-04 2.52641988e-05 5.29569306e-04 1.65089910e-04 2.90423528e-04 1.37694251e-04 4.18961640e-05]\n",
      " [8.35517253e-05 1.53115801e-04 2.84421041e-05 1.27317553e-04 3.00674625e-05 1.65089910e-04 1.58276137e-04 1.90579804e-04 1.51469079e-04 4.07670679e-05]\n",
      " [1.18876027e-04 2.56007631e-04 4.44252238e-05 1.83458610e-04 4.23559958e-05 2.90423528e-04 1.90579804e-04 1.09544298e-03 2.83323197e-04 3.92257020e-05]\n",
      " [1.86126659e-04 2.25423528e-04 9.09890399e-05 1.78037634e-04 1.39120824e-04 1.37694251e-04 1.51469079e-04 2.83323197e-04 1.60768924e-03 1.10203934e-04]\n",
      " [2.20648230e-05 4.74162316e-05 2.59745512e-05 4.62701200e-05 6.01357811e-05 4.18961640e-05 4.07670679e-05 3.92257020e-05 1.10203934e-04 1.13853641e-04]]\n"
     ]
    }
   ],
   "source": [
    "cor_matrix = np.corrcoef(returns, rowvar=False) # cov_matrix of scaled returns is approximately the correlation matrix of original returns\n",
    "print('\\nCorrelation Matrix:\\n', cor_matrix)\n",
    "cov_matrix = np.cov(returns, rowvar=False)\n",
    "print('\\nCovariance Matrix:\\n', cov_matrix)"
   ]
  },
  {
   "cell_type": "code",
   "execution_count": 24,
   "metadata": {},
   "outputs": [
    {
     "name": "stdout",
     "output_type": "stream",
     "text": [
      "\n",
      "Eigenvalues: [3.65199894 1.40376315 0.27995585 0.36577314 0.95636467 0.87191844 0.72650695 0.53998454 0.61820265 0.58553167]\n",
      "\n",
      "Eigenvectors: [[ 2.92966928e-01  1.46176639e-01  1.95861032e-01  1.45522649e-01 -6.15142042e-01 -1.66119518e-01 -2.75513977e-01 -4.96989589e-01 -2.76063646e-01 -1.67783250e-01]\n",
      " [ 4.31219938e-01  9.60603341e-02  5.60773081e-01 -6.11467816e-01  1.80295144e-01  4.73544083e-02  2.29200722e-02 -7.61537743e-02  2.74370381e-01 -1.04797993e-02]\n",
      " [ 1.21675177e-01 -4.48897937e-01  4.86418565e-02  8.24825235e-03  1.93813801e-01 -7.95286796e-01 -2.71091425e-01  1.11528781e-01 -4.57846919e-02  1.52254341e-01]\n",
      " [ 3.71376914e-01  1.09457365e-01  5.44633097e-02  3.41985372e-01 -2.43028213e-02  1.13469750e-01 -3.70616384e-01  5.98502467e-01  2.06157543e-01 -4.22669345e-01]\n",
      " [ 1.76241264e-01 -6.11415049e-01 -9.61139287e-02  1.62919548e-01  1.89802422e-01  1.84560148e-01  1.93181009e-01 -4.07851683e-01  1.91627303e-01 -4.98858357e-01]\n",
      " [ 3.51470662e-01  2.46321926e-01  4.13185023e-02  5.53308602e-01  3.88569956e-01  5.74588158e-02 -2.06798130e-03 -3.02556084e-01  1.79287125e-01  4.79541234e-01]\n",
      " [ 4.46596891e-01  1.36948498e-01 -7.78899467e-01 -3.75805435e-01  4.86771693e-02 -2.75234861e-04 -1.53072436e-01 -7.82240378e-02 -3.52614219e-02  2.68167871e-02]\n",
      " [ 3.10991006e-01  1.93981425e-01  5.00800550e-02  9.35075466e-02  1.63539997e-01 -2.24487395e-01  6.39519883e-01  1.78988405e-01 -5.31935920e-01 -2.30837287e-01]\n",
      " [ 2.63110478e-01 -2.40954771e-01 -7.69416604e-02  6.36286326e-02 -5.78533915e-01 -5.29852170e-02  4.58056597e-01  2.20666565e-01  3.94908465e-01  3.32827063e-01]\n",
      " [ 2.35605945e-01 -4.54938227e-01  1.25627259e-01 -3.45407429e-02 -1.05666779e-02  4.83982779e-01 -1.82109247e-01  1.78396523e-01 -5.43043095e-01  3.55401031e-01]]\n"
     ]
    }
   ],
   "source": [
    "eigenvalues, eigenvectors = np.linalg.eig(cor_matrix)\n",
    "print('\\nEigenvalues:', eigenvalues)\n",
    "print('\\nEigenvectors:', eigenvectors)"
   ]
  },
  {
   "cell_type": "markdown",
   "metadata": {},
   "source": [
    "To understand the structure of the covariance matrix, we perform eigen decomposition.\n",
    "\n",
    "The eigen decomposition of the covariance matrix $ \\Sigma $ is given by:\n",
    "$$ \\Sigma = EDE^T $$\n",
    "where $ E $ is the matrix of eigenvectors, and $ D $ is the diagonal matrix of eigenvalues.\n",
    "\n",
    "The transformation matrix $ T $ is then constructed as:\n",
    "$$ T = D^{1/2} E^T $$\n",
    "This matrix $ T $ is used to transform standard normal samples into samples that follow the desired covariance structure."
   ]
  },
  {
   "cell_type": "code",
   "execution_count": 29,
   "metadata": {},
   "outputs": [],
   "source": [
    "# make diagonal matrix from eigenvalues\n",
    "D = np.diag(eigenvalues)\n",
    "# square root of D\n",
    "D_sqrt = np.sqrt(D)\n",
    "# Transpose of eigenvectors\n",
    "E = eigenvectors.T\n",
    "# Transformation matrix\n",
    "T = np.dot(D_sqrt, E)"
   ]
  },
  {
   "cell_type": "markdown",
   "metadata": {},
   "source": [
    "We generate synthetic data by drawing samples from the multivariate normal distribution. This synthetic data retains the same dependency structure as the original data, making it useful for various financial analyses."
   ]
  },
  {
   "cell_type": "code",
   "execution_count": 46,
   "metadata": {},
   "outputs": [
    {
     "name": "stdout",
     "output_type": "stream",
     "text": [
      "Ticker      AAPL      AMZN       DIS     GOOGL       JPM      META      MSFT      NVDA      TSLA         V\n",
      "0       0.034209 -0.013546 -0.002125 -0.010370  0.017371 -0.064480 -0.010584 -0.002158  0.067413  0.008777\n",
      "1       0.016143  0.031007  0.034425  0.018615  0.008627  0.035118  0.020787 -0.009670  0.006205  0.024310\n",
      "2       0.015717  0.030187  0.024171  0.026641  0.011984  0.022619  0.003938  0.012696  0.073056  0.012231\n",
      "3      -0.000728  0.018875 -0.010180 -0.014817 -0.028274  0.011467  0.006200 -0.010251  0.052031 -0.005931\n",
      "4      -0.008731 -0.014903 -0.017098 -0.010983  0.003809 -0.022630  0.005039  0.017494  0.024203 -0.002607\n",
      "\n",
      "Synthetic Data Statistics:\n",
      "Ticker            AAPL            AMZN             DIS           GOOGL             JPM            META            MSFT            NVDA            TSLA               V\n",
      "count   1000000.000000  1000000.000000  1000000.000000  1000000.000000  1000000.000000  1000000.000000  1000000.000000  1000000.000000  1000000.000000  1000000.000000\n",
      "mean          0.001345        0.001733        0.000959        0.001491        0.001537        0.002442        0.000661        0.004740        0.002850        0.000877\n",
      "std           0.014109        0.017695        0.016266        0.017684        0.014823        0.022999        0.012561        0.033014        0.040045        0.010668\n",
      "min          -0.072039       -0.077545       -0.076055       -0.086726       -0.065803       -0.108964       -0.058459       -0.171420       -0.224266       -0.046870\n",
      "25%          -0.008167       -0.010212       -0.009973       -0.010440       -0.008474       -0.013065       -0.007807       -0.017516       -0.024176       -0.006322\n",
      "50%           0.001334        0.001762        0.000971        0.001488        0.001547        0.002441        0.000655        0.004763        0.002848        0.000866\n",
      "75%           0.010843        0.013676        0.011892        0.013421        0.011552        0.017944        0.009140        0.027001        0.029836        0.008068\n",
      "max           0.069404        0.084423        0.080624        0.087495        0.073082        0.113020        0.058920        0.158748        0.189423        0.053281\n",
      "\n",
      "Original Data Statistics:\n",
      "Ticker        AAPL        AMZN         DIS       GOOGL         JPM        META        MSFT        NVDA        TSLA           V\n",
      "count   250.000000  250.000000  250.000000  250.000000  250.000000  250.000000  250.000000  250.000000  250.000000  250.000000\n",
      "mean      0.001345    0.001715    0.000969    0.001471    0.001523    0.002413    0.000653    0.004745    0.002862    0.000877\n",
      "std       0.014141    0.017730    0.016329    0.017708    0.014845    0.023012    0.012581    0.033097    0.040096    0.010670\n",
      "min      -0.048167   -0.087847   -0.095132   -0.075003   -0.064678   -0.105613   -0.060528   -0.100046   -0.123346   -0.054915\n",
      "25%      -0.006670   -0.008548   -0.006557   -0.008258   -0.005690   -0.007507   -0.005900   -0.015963   -0.019825   -0.004840\n",
      "50%       0.001623    0.000854    0.000439    0.003527    0.001746    0.001012    0.001167    0.004047    0.001390    0.001530\n",
      "75%       0.009368    0.012144    0.008286    0.010130    0.008485    0.012206    0.009170    0.024546    0.022488    0.006985\n",
      "max       0.072649    0.078666    0.114989    0.102243    0.115445    0.203176    0.026599    0.164009    0.219190    0.048109\n",
      "\n",
      "Synthetic Data Correlation Matrix:\n",
      "Ticker      AAPL      AMZN       DIS     GOOGL       JPM      META      MSFT      NVDA      TSLA         V\n",
      "Ticker                                                                                                    \n",
      "AAPL    1.000000  0.336344  0.059402  0.358665  0.015198  0.224282  0.468671  0.253127  0.329924  0.146566\n",
      "AMZN    0.336344  1.000000  0.119432  0.538895  0.239434  0.579164  0.686951  0.436418  0.316926  0.249942\n",
      "DIS     0.059402  0.119432  1.000000  0.079421  0.256846  0.055733  0.137567  0.081816  0.138691  0.149212\n",
      "GOOGL   0.358665  0.538895  0.079421  1.000000  0.141288  0.387851  0.572956  0.312835  0.251020  0.245504\n",
      "JPM     0.015198  0.239434  0.256846  0.141288  1.000000  0.074015  0.160557  0.085339  0.233696  0.381153\n",
      "META    0.224282  0.579164  0.055733  0.387851  0.074015  1.000000  0.570462  0.381167  0.149240  0.171198\n",
      "MSFT    0.468671  0.686951  0.137567  0.572956  0.160557  0.570462  1.000000  0.457219  0.301189  0.303757\n",
      "NVDA    0.253127  0.436418  0.081816  0.312835  0.085339  0.381167  0.457219  1.000000  0.213223  0.111416\n",
      "TSLA    0.329924  0.316926  0.138691  0.251020  0.233696  0.149240  0.301189  0.213223  1.000000  0.257913\n",
      "V       0.146566  0.249942  0.149212  0.245504  0.381153  0.171198  0.303757  0.111416  0.257913  1.000000\n",
      "\n",
      "Original Data Correlation Matrix:\n",
      "Ticker      AAPL      AMZN       DIS     GOOGL       JPM      META      MSFT      NVDA      TSLA         V\n",
      "Ticker                                                                                                    \n",
      "AAPL    1.000000  0.336409  0.059534  0.358760  0.015203  0.225288  0.469628  0.253984  0.328257  0.146229\n",
      "AMZN    0.336409  1.000000  0.119657  0.538945  0.239473  0.578699  0.686450  0.436269  0.317099  0.250640\n",
      "DIS     0.059534  0.119657  1.000000  0.080157  0.257474  0.055235  0.138449  0.082200  0.138971  0.149077\n",
      "GOOGL   0.358760  0.538945  0.080157  1.000000  0.141905  0.387979  0.571508  0.313029  0.250757  0.244889\n",
      "JPM     0.015203  0.239473  0.257474  0.141905  1.000000  0.073954  0.160993  0.086206  0.233727  0.379645\n",
      "META    0.225288  0.578699  0.055235  0.387979  0.073954  1.000000  0.570232  0.381308  0.149229  0.170624\n",
      "MSFT    0.469628  0.686450  0.138449  0.571508  0.160993  0.570232  1.000000  0.457693  0.300272  0.303688\n",
      "NVDA    0.253984  0.436269  0.082200  0.313029  0.086206  0.381308  0.457693  1.000000  0.213494  0.111071\n",
      "TSLA    0.328257  0.317099  0.138971  0.250757  0.233727  0.149229  0.300272  0.213494  1.000000  0.257586\n",
      "V       0.146229  0.250640  0.149077  0.244889  0.379645  0.170624  0.303688  0.111071  0.257586  1.000000\n"
     ]
    }
   ],
   "source": [
    "# Generate synthetic data\n",
    "n_samples = 1000000\n",
    "normal_sample = np.random.randn(n_samples, len(data.columns))\n",
    "synthetic_data_manual = np.dot(normal_sample, T)\n",
    "synthetic_data_manual = scaler.inverse_transform(synthetic_data_manual)\n",
    "synthetic_df_manual = pd.DataFrame(synthetic_data_manual, columns=data.columns)\n",
    "print(synthetic_df_manual.head())\n",
    "\n",
    "print('\\nSynthetic Data Statistics:')\n",
    "print(synthetic_df_manual.describe())\n",
    "print('\\nOriginal Data Statistics:')\n",
    "print(returns.describe())\n",
    "\n",
    "print('\\nSynthetic Data Correlation Matrix:')\n",
    "print(synthetic_df_manual.corr())\n",
    "print('\\nOriginal Data Correlation Matrix:')\n",
    "print(returns.corr())"
   ]
  },
  {
   "cell_type": "markdown",
   "metadata": {},
   "source": [
    "Directly using the covariance matrix instead of correlation matrix so that results are not required to be normalized."
   ]
  },
  {
   "cell_type": "code",
   "execution_count": 49,
   "metadata": {},
   "outputs": [
    {
     "name": "stdout",
     "output_type": "stream",
     "text": [
      "\n",
      "Eigenvalues: [2.05410947e-03 1.11333593e-03 5.14466695e-04 3.03219474e-04 2.47863502e-04 1.91788125e-04 5.05665112e-05 8.32205442e-05 1.40351139e-04 1.20808156e-04]\n",
      "\n",
      "Eigenvectors: [[ 0.14429263 -0.02411793  0.09517642 -0.06220645 -0.36934801 -0.36683897  0.20595361  0.1626669  -0.75569197  0.23395133]\n",
      " [ 0.24572039 -0.17982166  0.33719506  0.08065048 -0.13458124  0.15714164  0.2791197  -0.01748361 -0.10045101 -0.80992046]\n",
      " [ 0.06782927  0.01261285  0.03787692  0.75647716  0.23161875 -0.59125868  0.03493855 -0.01076871  0.12147699 -0.0471206 ]\n",
      " [ 0.19601209 -0.13313235  0.32290846  0.08514735 -0.65102689 -0.01464735  0.09036034  0.1229737   0.54408027  0.29828456]\n",
      " [ 0.09112794  0.03678232  0.07558278  0.54067717  0.0704008   0.65676811 -0.07483791  0.37959418 -0.24357469  0.21674061]\n",
      " [ 0.24373062 -0.32370459  0.58927834 -0.25425579  0.57374819 -0.05623282  0.07622896  0.07810924  0.02355012  0.28124744]\n",
      " [ 0.170835   -0.1333235   0.21077243  0.03542477 -0.15189046 -0.05749448 -0.89472976 -0.21478191 -0.15757395 -0.09737463]\n",
      " [ 0.46047937 -0.65457122 -0.59488172  0.01143978  0.02637872  0.02953473  0.03037994 -0.00403057  0.02767597  0.04697718]\n",
      " [ 0.7489683   0.62982334 -0.10951391 -0.12303666  0.09198428 -0.01354045 -0.0128804   0.01248229  0.07914051 -0.00288904]\n",
      " [ 0.07675483  0.01206292  0.09095112  0.19135435 -0.04019668  0.22818097  0.23926522 -0.87263921 -0.12773908  0.2456175 ]]\n",
      "\n",
      "Synthetic Data Covariance Matrix:\n",
      "Ticker      AAPL      AMZN       DIS     GOOGL       JPM      META      MSFT      NVDA      TSLA         V\n",
      "Ticker                                                                                                    \n",
      "AAPL    0.000200  0.000084  0.000014  0.000090  0.000003  0.000073  0.000083  0.000119  0.000186  0.000022\n",
      "AMZN    0.000084  0.000315  0.000035  0.000169  0.000063  0.000236  0.000153  0.000257  0.000225  0.000047\n",
      "DIS     0.000014  0.000035  0.000266  0.000024  0.000063  0.000021  0.000029  0.000044  0.000091  0.000026\n",
      "GOOGL   0.000090  0.000169  0.000024  0.000313  0.000037  0.000158  0.000127  0.000183  0.000177  0.000046\n",
      "JPM     0.000003  0.000063  0.000063  0.000037  0.000220  0.000025  0.000030  0.000042  0.000139  0.000060\n",
      "META    0.000073  0.000236  0.000021  0.000158  0.000025  0.000530  0.000165  0.000291  0.000138  0.000042\n",
      "MSFT    0.000083  0.000153  0.000029  0.000127  0.000030  0.000165  0.000158  0.000191  0.000152  0.000041\n",
      "NVDA    0.000119  0.000257  0.000044  0.000183  0.000042  0.000291  0.000191  0.001095  0.000283  0.000039\n",
      "TSLA    0.000186  0.000225  0.000091  0.000177  0.000139  0.000138  0.000152  0.000283  0.001608  0.000110\n",
      "V       0.000022  0.000047  0.000026  0.000046  0.000060  0.000042  0.000041  0.000039  0.000110  0.000114\n",
      "\n",
      "Original Data Covariance Matrix:\n",
      "Ticker      AAPL      AMZN       DIS     GOOGL       JPM      META      MSFT      NVDA      TSLA         V\n",
      "Ticker                                                                                                    \n",
      "AAPL    0.000200  0.000084  0.000014  0.000090  0.000003  0.000073  0.000084  0.000119  0.000186  0.000022\n",
      "AMZN    0.000084  0.000314  0.000035  0.000169  0.000063  0.000236  0.000153  0.000256  0.000225  0.000047\n",
      "DIS     0.000014  0.000035  0.000267  0.000023  0.000062  0.000021  0.000028  0.000044  0.000091  0.000026\n",
      "GOOGL   0.000090  0.000169  0.000023  0.000314  0.000037  0.000158  0.000127  0.000183  0.000178  0.000046\n",
      "JPM     0.000003  0.000063  0.000062  0.000037  0.000220  0.000025  0.000030  0.000042  0.000139  0.000060\n",
      "META    0.000073  0.000236  0.000021  0.000158  0.000025  0.000530  0.000165  0.000290  0.000138  0.000042\n",
      "MSFT    0.000084  0.000153  0.000028  0.000127  0.000030  0.000165  0.000158  0.000191  0.000151  0.000041\n",
      "NVDA    0.000119  0.000256  0.000044  0.000183  0.000042  0.000290  0.000191  0.001095  0.000283  0.000039\n",
      "TSLA    0.000186  0.000225  0.000091  0.000178  0.000139  0.000138  0.000151  0.000283  0.001608  0.000110\n",
      "V       0.000022  0.000047  0.000026  0.000046  0.000060  0.000042  0.000041  0.000039  0.000110  0.000114\n"
     ]
    }
   ],
   "source": [
    "eigenvalues, eigenvectors = np.linalg.eig(cov_matrix)\n",
    "print('\\nEigenvalues:', eigenvalues)\n",
    "print('\\nEigenvectors:', eigenvectors)\n",
    "# make diagonal matrix from eigenvalues\n",
    "D = np.diag(eigenvalues)\n",
    "# square root of D\n",
    "D_sqrt = np.sqrt(D)\n",
    "# Transpose of eigenvectors\n",
    "E = eigenvectors.T\n",
    "# Transformation matrix\n",
    "T = np.dot(D_sqrt, E)\n",
    "n_samples = 1000000\n",
    "normal_sample = np.random.randn(n_samples, len(data.columns))\n",
    "synthetic_data_manual = np.dot(normal_sample, T)\n",
    "synthetic_df_manual = pd.DataFrame(synthetic_data_manual, columns=data.columns)\n",
    "\n",
    "\n",
    "print('\\nSynthetic Data Covariance Matrix:')\n",
    "print(synthetic_df_manual.cov())\n",
    "print('\\nOriginal Data Covariance Matrix:')\n",
    "print(returns.cov())"
   ]
  }
 ],
 "metadata": {
  "kernelspec": {
   "display_name": "Python 3",
   "language": "python",
   "name": "python3"
  },
  "language_info": {
   "codemirror_mode": {
    "name": "ipython",
    "version": 3
   },
   "file_extension": ".py",
   "mimetype": "text/x-python",
   "name": "python",
   "nbconvert_exporter": "python",
   "pygments_lexer": "ipython3",
   "version": "3.13.2"
  }
 },
 "nbformat": 4,
 "nbformat_minor": 2
}
